a:4:{s:4:"code";s:13:"60e17dbbd46b7";s:9:"client_id";s:30:"client_60e0f6386ed629.76065327";s:7:"user_id";s:13:"60e17dbbd537b";s:9:"expiredIn";O:17:"DateTimeImmutable":3:{s:4:"date";s:26:"2021-07-04 09:27:03.873373";s:13:"timezone_type";i:3;s:8:"timezone";s:3:"UTC";}}
a:4:{s:4:"code";s:13:"60e17ddbde4ff";s:9:"client_id";s:30:"client_60e0f6386ed629.76065327";s:7:"user_id";s:13:"60e17ddbdf68d";s:9:"expiredIn";O:17:"DateTimeImmutable":3:{s:4:"date";s:26:"2021-07-04 09:27:35.915097";s:13:"timezone_type";i:3;s:8:"timezone";s:3:"UTC";}}
a:4:{s:4:"code";s:13:"60e17dee4a72d";s:9:"client_id";s:30:"client_60e0f6386ed629.76065327";s:7:"user_id";s:13:"60e17dee4b1e5";s:9:"expiredIn";O:17:"DateTimeImmutable":3:{s:4:"date";s:26:"2021-07-04 09:27:54.307697";s:13:"timezone_type";i:3;s:8:"timezone";s:3:"UTC";}}
a:4:{s:4:"code";s:13:"60e17e15aadc7";s:9:"client_id";s:30:"client_60e0f6386ed629.76065327";s:7:"user_id";s:13:"60e17e15ab829";s:9:"expiredIn";O:17:"DateTimeImmutable":3:{s:4:"date";s:26:"2021-07-04 09:28:33.702518";s:13:"timezone_type";i:3;s:8:"timezone";s:3:"UTC";}}