a:3:{s:5:"token";s:13:"60e17dbbdf85f";s:7:"user_id";s:13:"60e17dbbdf856";s:9:"expiredIn";O:17:"DateTimeImmutable":3:{s:4:"date";s:26:"2021-07-05 09:22:03.915560";s:13:"timezone_type";i:3;s:8:"timezone";s:3:"UTC";}}
a:3:{s:5:"token";s:13:"60e17e15ba291";s:7:"user_id";s:13:"60e17e15ba28a";s:9:"expiredIn";O:17:"DateTimeImmutable":3:{s:4:"date";s:26:"2021-07-05 09:23:33.762520";s:13:"timezone_type";i:3;s:8:"timezone";s:3:"UTC";}}